
98187
42017
43993
82653
02068
52946
79121
84983
83780
33895
14403
92953
29970
04724
84401
00367
30302
09633
16296
83131
70083
74284
23254
93207
50654
98346
41922
63591
36274
15520
46105
30626
27154
03699
53545
65186
45105
59534
60643
03154
22304
32607
57260
23416
74106
73101
74838
91495
57482
35988
70582
66667
96355
68843
59155
92449
18645
36925
08257
77388
84032
43513
48133
34942
09054
41588
01117
36589
67282
96473
68371
10498
07535
84680
00881
19145
75323
59991
90090
04032
87388
32754
07704
43204
73956
12295
76338
26738
99229
70861
99270
96152
74662
55775
79659
52873
88475
44586
01796
61862
11652
34135
85884
58311
47584
55551
53687
10246
03408
96589
30741
10259
58840
61182
44367
01659
11862
68054
51697
37239
36124
36224
59312
46692
25387
69959
07062
27130
81612
04798
72017
51116
08733
07186
38327
10482
29053
85963
02555
38339
45846
09974
09908
32224
14181
12210
23155
50493
48580
19215
65751
90893
14009
73027
50864
00303
93655
18476
90065
53459
25835
66004
04545
30530
60608
38814
28143
67129
86362
37565
27257
05531
67302
29325
30046
09519
79382
02699
15132
82894
16106
82607
75269
25207
11764
06698
02957
04801
69317
59734
00592
17498
39811
58902
24463
93347
88469
52378
94399
22665
65799
37951
11683
92245
03777
88409
25285
35431
90574
52035
61791
71572
51200
20463
04344
62295
38332
18465
04072
45993
48139
29094
69366
35433
45407
68161
03930
55927
20053
98862
47049
49979
14466
29805
21140
68472
67103
88411
00407
28381
25062
78982
14938
67300
63644
59465
83608
66005
78085
41942
36655
67505
08240
14942
96880
09238
91254
30282
32773
09653
30248
77441
69988
07475
25549
58441
43768
86840
99423
83397
06520
25583
83580
17485
08599
99834
22600
81295
74039
23149
20240
88330
00844
91056
91785
00112
14260
15886
40697
32861
90612
64361
51977
19066
47407
31790
47090
42195
03228
45925
16393
89258
95524
65087
72060
44683
99213
67444
21027
53059
33286
04378
89631
92166
96817
13071
66508
11757
42891
42339
25111
30065
93596
28618
75235
01701
13410
04127
20341
38594
54252
09250
82342
88300
42064
27521
42465
80875
10429
76800
92575
25324
02873
10580
32898
80514
54309
12781
04552
54850
28314
94208
85190
79831
17332
76757
86196
06389
31789
11079
59945
77334
60404
90882
59517
39389
28300
54690
65188
07417
26983
78171
86271
10708
58423
20124
50229
58559
70374
29094
63709
20000
08351
06039
65607
55315
87066
62678
65853
96693
59442
70702
93890
14162
68510
82902
57132
87905
92999
10520
42330
18161
67860
48642
34209
80469
54423
16503
28934
88675
90617
26120
72558
66821
60897
12405
32452
99477
02673
06205
95897
44326
17833
27590
01513
61802
09538
47320
08402
85089
80813
77800
10616
48886
37086
40986
43724
92414
71563
37471
22428
89481
08623
33716
38582
38483
10834
45057
90618
48847
54560
39583
65154
24042
64009
25886
06396
39373
59893
89036
71231
29461
14569
23145
00261
94459
57764
09748
84463
91845
25403
31336
53566
92164
50275
40175
37301
94712
39210
81040
33212
88493
07388
19226
07898
81456
71880
44466
90491
69790
15389
10360
17436
68614
95642
00667
83662
27625
48039
19554
06411
33666
21271
56639
65500
